0,0,0,0,0,0,0,0,0,0,0,0,0,0,0;
0,0,0,0,0,0,0,0,0,0,0,0,0,0,0;
0,0,1,1,1,1,1,1,1,1,1,1,1,0,0;
0,0,1,1,1,1,1,1,1,1,1,1,1,0,0;
0,0,1,1,2,2,2,2,2,2,2,1,1,0,0;
0,0,1,1,2,2,2,2,2,2,2,1,1,0,0;
0,0,1,1,2,2,3,3,3,2,2,1,1,0,0;
0,0,1,1,2,2,3,3,3,2,2,1,1,0,0;
0,0,1,1,2,2,3,3,3,2,2,1,1,0,0;
0,0,1,1,2,2,2,2,2,2,2,1,1,0,0;
0,0,1,1,2,2,2,2,2,2,2,1,1,0,0;
0,0,1,1,1,1,1,1,1,1,1,1,1,0,0;
0,0,1,1,1,1,1,1,1,1,1,1,1,0,0;
0,0,0,0,0,0,0,0,0,0,0,0,0,0,0;
0,0,0,0,0,0,0,0,0,0,0,0,0,0,0.

0, 7, 7, 
1, 12, 4, 
1, 12, 5, 
1, 12, 6, 
1, 12, 8, 
1, 12, 9, 
1, 12, 10, 
1, 10, 12, 
1, 9, 12, 
1, 8, 12, 
1, 6, 12, 
1, 5, 12, 
1, 4, 12, 
1, 2, 10, 
1, 2, 9, 
1, 2, 8, 
1, 2, 6, 
1, 2, 5, 
1, 2, 4, 
1, 10, 2, 
1, 9, 2, 
1, 8, 2, 
1, 6, 2, 
1, 5, 2, 
1, 4, 2, 
1, 5, 6, 
1, 5, 8, 
1, 9, 8, 
1, 9, 6, 
1, 4, 6, 
1, 3, 6, 
1, 4, 8, 
1, 3, 8, 
1, 6, 10, 
1, 6, 11, 
1, 8, 11, 
1, 8, 10, 
1, 6, 3, 
1, 6, 4, 
1, 8, 3, 
1, 8, 4, 
1, 10, 8, 
1, 11, 8, 
1, 10, 6, 
1, 11, 6.

0, 0w60, 0, 10;
0, 14w60, 0, 10;
7, 0w60, 0, 10;
7, 14w60, 0, 10;
14, 0w60, 0, 10;
14, 7w60, 0, 10;
14, 14w60, 0, 10;
0, 7w60, 0, 10.

10.

500.

true.

1.